0.01,127923.56196980749
0.012742749857031341,127647.16550377136
0.016237767391887217,127430.99280800812
0.0206913808111479,127261.59621844083
0.026366508987303583,127128.83299227108
0.033598182862837826,127024.76749363585
0.04281332398719394,126943.24425242223
0.0545559478116852,126879.2919992432
0.06951927961775606,126829.09034082429
0.08858667904100828,126789.73340776391
0.11288378916846892,126758.87763227845
0.14384498882876628,126734.29025758
0.1832980710832436,126714.96102928373
0.23357214690901223,126699.79244990073
0.29763514416313186,126687.88885406544
0.37926901907322497,126678.54742642443
0.4832930238571753,126671.21667098744
0.6158482110660264,126665.4638017529
0.7847599703514613,126660.94918899909
1.0,126657.40630909619
