0.0,126630.83095347697
0.010526315789473684,126635.62682698037
0.021052631578947368,126639.12566525386
0.031578947368421054,126641.91110777135
0.042105263157894736,126644.23247454563
0.05263157894736842,126646.2103546974
0.06315789473684211,126647.89912489064
0.07368421052631578,126649.32102906147
0.08421052631578947,126650.33043922609
0.09473684210526316,126650.61234649837
0.10526315789473684,126650.8915723703
0.11578947368421054,126651.16988928287
0.12631578947368421,126651.44797802881
0.1368421052631579,126651.72602929898
0.14736842105263157,126652.00408141149
0.15789473684210528,126652.28214245342
0.16842105263157894,126652.56021244313
0.17894736842105263,126652.83829139019
0.18947368421052632,126653.11637931352
0.2,126653.39447622116
