0.0,126630.83095347697
0.002631578947368421,126769.50579587232
0.005263157894736842,126907.949834477
0.007894736842105263,127046.15200388148
0.010526315789473684,127184.09889755484
0.013157894736842105,127321.19300643865
0.015789473684210527,127457.59522847152
0.018421052631578946,127593.66934272392
0.021052631578947368,127729.51482788999
0.02368421052631579,127865.18984548237
0.02631578947368421,128000.75658567518
0.028947368421052635,128136.23938499196
0.031578947368421054,128271.6540397187
0.034210526315789476,128407.01213499712
0.03684210526315789,128542.32184724906
0.03947368421052632,128677.58927262988
0.042105263157894736,128812.81922752333
0.04473684210526316,128948.01578898811
0.04736842105263158,129083.18087630546
0.05,129218.31594932447
